1) ARIE LABEL: 
9916


1) MEDIE LABEL: 
66.106667 66.106667


0) I:
25, 25, 25, 25, 25, 25, 25, 25, 31, 31, 31, 31, 
31, 39, 38, 38, 38, 38, 38, 43, 43, 43, 43, 43, 55, 
55, 55, 55, 55, 69, 69, 69, 69, 69, 69, 75, 75, 75, 
75, 75, 81, 81, 81, 81, 81, 81, 81, 81, 81, 81, 81, 
75, 75, 75, 75, 75, 56, 55, 55, 55, 55, 55, 43, 43, 
43, 43, 44, 43, 43, 43, 43, 43, 49, 49, 49, 49, 49, 
50, 56, 56, 56, 56, 56, 62, 61, 61, 61, 61, 69, 68, 
68, 68, 68, 68, 68, 68, 68, 68, 68, 74, 74, 74, 74, 
74, 76, 75, 75, 75, 75, 75, 75, 75, 75, 75, 75, 84, 
84, 84, 84, 84, 84, 84, 84, 84, 84, 84, 90, 90, 90, 
90, 90, 97, 96, 96, 96, 96, 98, 110, 110, 110, 110, 110, 
87, 87, 87, 87, 87, 87, 87, 87 ;


0) J:
22, 22, 22, 22, 22, 22, 22, 22, 22, 65, 65, 65, 
65, 65, 65, 65, 83, 83, 83, 83, 83, 83, 99, 99, 99, 
99, 99, 99, 111, 111, 111, 111, 111, 111, 91, 89, 89, 89, 
89, 89, 89, 57, 56, 56, 56, 56, 56, 30, 30, 30, 30, 
30, 30, 25, 23, 23, 23, 23, 23, 11, 10, 10, 10, 10, 
10, 11, 14, 14, 14, 14, 14, 14, 8, 8, 8, 8, 8, 
8, 13, 13, 13, 13, 13, 13, 19, 19, 19, 19, 19, 19, 
21, 129, 129, 129, 129, 129, 129, 142, 142, 142, 142, 142, 142, 
142, 142, 142, 142, 142, 142, 137, 137, 137, 137, 137, 137, 137, 
131, 131, 131, 131, 131, 131, 126, 126, 126, 126, 126, 126, 115, 
115, 115, 115, 115, 115, 14, 13, 13, 13, 13, 13, 13, 5, 
5, 5, 5, 5, 5, 5, 5, 5, 5 ;
DONE!






1) ARIE LABEL: 
9916


1) MEDIE LABEL: 
66.106667 66.106667


0) I:
25, 25, 25, 25, 25, 25, 25, 25, 31, 31, 31, 31, 
31, 39, 38, 38, 38, 38, 38, 43, 43, 43, 43, 43, 55, 
55, 55, 55, 55, 69, 69, 69, 69, 69, 69, 75, 75, 75, 
75, 75, 81, 81, 81, 81, 81, 81, 81, 81, 81, 81, 81, 
75, 75, 75, 75, 75, 56, 55, 55, 55, 55, 55, 43, 43, 
43, 43, 44, 43, 43, 43, 43, 43, 49, 49, 49, 49, 49, 
50, 56, 56, 56, 56, 56, 62, 61, 61, 61, 61, 69, 68, 
68, 68, 68, 68, 68, 68, 68, 68, 68, 74, 74, 74, 74, 
74, 76, 75, 75, 75, 75, 75, 75, 75, 75, 75, 75, 84, 
84, 84, 84, 84, 84, 84, 84, 84, 84, 84, 90, 90, 90, 
90, 90, 97, 96, 96, 96, 96, 98, 110, 110, 110, 110, 110, 
87, 87, 87, 87, 87, 87, 87, 87 ;


0) J:
22, 22, 22, 22, 22, 22, 22, 22, 22, 65, 65, 65, 
65, 65, 65, 65, 83, 83, 83, 83, 83, 83, 99, 99, 99, 
99, 99, 99, 111, 111, 111, 111, 111, 111, 91, 89, 89, 89, 
89, 89, 89, 57, 56, 56, 56, 56, 56, 30, 30, 30, 30, 
30, 30, 25, 23, 23, 23, 23, 23, 11, 10, 10, 10, 10, 
10, 11, 14, 14, 14, 14, 14, 14, 8, 8, 8, 8, 8, 
8, 13, 13, 13, 13, 13, 13, 19, 19, 19, 19, 19, 19, 
21, 129, 129, 129, 129, 129, 129, 142, 142, 142, 142, 142, 142, 
142, 142, 142, 142, 142, 142, 137, 137, 137, 137, 137, 137, 137, 
131, 131, 131, 131, 131, 131, 126, 126, 126, 126, 126, 126, 115, 
115, 115, 115, 115, 115, 14, 13, 13, 13, 13, 13, 13, 5, 
5, 5, 5, 5, 5, 5, 5, 5, 5 ;
DONE!






1) ARIE LABEL: 
9916


1) MEDIE LABEL: 
66.106667 66.106667


0) I:
25, 25, 25, 25, 25, 25, 25, 25, 31, 31, 31, 31, 
31, 39, 38, 38, 38, 38, 38, 43, 43, 43, 43, 43, 55, 
55, 55, 55, 55, 69, 69, 69, 69, 69, 69, 75, 75, 75, 
75, 75, 81, 81, 81, 81, 81, 81, 81, 81, 81, 81, 81, 
75, 75, 75, 75, 75, 56, 55, 55, 55, 55, 55, 43, 43, 
43, 43, 44, 43, 43, 43, 43, 43, 49, 49, 49, 49, 49, 
50, 56, 56, 56, 56, 56, 62, 61, 61, 61, 61, 69, 68, 
68, 68, 68, 68, 68, 68, 68, 68, 68, 74, 74, 74, 74, 
74, 76, 75, 75, 75, 75, 75, 75, 75, 75, 75, 75, 84, 
84, 84, 84, 84, 84, 84, 84, 84, 84, 84, 90, 90, 90, 
90, 90, 97, 96, 96, 96, 96, 98, 110, 110, 110, 110, 110, 
87, 87, 87, 87, 87, 87, 87, 87 ;


0) J:
22, 22, 22, 22, 22, 22, 22, 22, 22, 65, 65, 65, 
65, 65, 65, 65, 83, 83, 83, 83, 83, 83, 99, 99, 99, 
99, 99, 99, 111, 111, 111, 111, 111, 111, 91, 89, 89, 89, 
89, 89, 89, 57, 56, 56, 56, 56, 56, 30, 30, 30, 30, 
30, 30, 25, 23, 23, 23, 23, 23, 11, 10, 10, 10, 10, 
10, 11, 14, 14, 14, 14, 14, 14, 8, 8, 8, 8, 8, 
8, 13, 13, 13, 13, 13, 13, 19, 19, 19, 19, 19, 19, 
21, 129, 129, 129, 129, 129, 129, 142, 142, 142, 142, 142, 142, 
142, 142, 142, 142, 142, 142, 137, 137, 137, 137, 137, 137, 137, 
131, 131, 131, 131, 131, 131, 126, 126, 126, 126, 126, 126, 115, 
115, 115, 115, 115, 115, 14, 13, 13, 13, 13, 13, 13, 5, 
5, 5, 5, 5, 5, 5, 5, 5, 5 ;
DONE!






1) ARIE LABEL: 
11390


1) MEDIE LABEL: 
75.933334 75.933334


0) I:
0, 0, 0, 40, 40, 56, 56, 68, 68, 73, 73, 60, 
60, 58, 58, 58, 57, 57, 57, 57, 57, 62, 62, 65, 65, 
67, 67, 73, 73, 73, 73, 77, 77, 79, 79, 81, 81, 85, 
85, 88, 88, 88, 88, 88, 88, 86, 86, 86, 86, 83, 83, 
81, 81, 77, 77, 73, 73, 64, 64, 48, 48, 50, 51, 55, 
55, 59, 59, 58, 58, 59, 59, 60, 60, 62, 62, 64, 63, 
64, 64, 66, 66, 66, 66, 68, 68, 68, 68, 70, 70, 71, 
71, 75, 75, 75, 75, 77, 77, 77, 77, 79, 79, 81, 81, 
81, 81, 81, 81, 81, 81, 83, 83, 83, 84, 88, 88, 88, 
88, 88, 88, 93, 93, 95, 95, 102, 102, 110, 110, 128, 128, 
122, 122, 123, 123, 130, 129, 124, 124, 112, 111, 103, 103, 97, 
97, 84, 84, 70, 70, 50, 50, 50 ;


0) J:
0, 0, 0, 20, 20, 22, 36, 36, 54, 54, 68, 68, 
74, 74, 82, 82, 82, 88, 88, 94, 94, 101, 101, 103, 103, 
107, 107, 107, 111, 111, 111, 111, 113, 113, 117, 117, 117, 117, 
117, 111, 111, 107, 107, 101, 101, 84, 84, 66, 66, 66, 48, 
48, 40, 40, 40, 40, 36, 36, 36, 36, 36, 30, 30, 28, 
28, 28, 28, 28, 28, 27, 26, 26, 24, 24, 24, 24, 24, 
24, 24, 24, 26, 26, 26, 30, 30, 38, 38, 128, 128, 134, 
134, 134, 138, 138, 140, 140, 140, 140, 142, 142, 142, 142, 142, 
143, 143, 143, 143, 141, 141, 141, 141, 139, 139, 139, 137, 137, 
135, 135, 133, 133, 131, 131, 129, 129, 129, 127, 127, 123, 123, 
112, 112, 18, 18, 14, 14, 14, 12, 12, 10, 10, 8, 8, 
6, 6, 5, 4, 4, 4, 4, 6, 6 ;
DONE!






1) ARIE LABEL: 
6040


1) MEDIE LABEL: 
40.266666 40.266666


0) I:
119, 119, 119, 119, 89, 88, 74, 74, 66, 60, 60, 57, 
57, 55, 55, 55, 52, 52, 49, 49, 49, 47, 47, 47, 48, 
48, 48, 48, 47, 47, 47, 47, 48, 49, 49, 49, 49, 45, 
47, 47, 47, 47, 47, 50, 50, 46, 45, 50, 50, 47, 50, 
50, 48, 48, 46, 48, 48, 48, 48, 50, 50, 47, 50, 50, 
48, 48, 50, 50, 50, 50, 50, 50, 45, 45, 45, 45, 41, 
41, 41, 38, 38, 35, 35, 33, 33, 33, 31, 31, 29, 27, 
27, 24, 24, 24, 24, 19, 19, 19, 17, 17, 14, 14, 14, 
10, 10, 10, 10, 10, 7, 7, 7, 7, 5, 7, 7, 4, 
4, 4, 7, 7, 5, 5, 19, 19, 27, 29, 29, 36, 36, 
33, 38, 38, 39, 39, 41, 41, 38, 41, 41, 38, 38, 40, 
45, 45, 43, 43, 39, 31, 31, 31 ;


0) J:
4, 4, 4, 4, 4, 4, 6, 6, 15, 15, 15, 23, 
23, 30, 30, 34, 34, 34, 39, 39, 46, 46, 46, 49, 49, 
53, 53, 56, 56, 56, 61, 61, 63, 63, 63, 66, 66, 68, 
68, 67, 67, 67, 61, 61, 63, 63, 69, 69, 69, 72, 72, 
72, 72, 72, 77, 77, 81, 81, 84, 84, 84, 85, 85, 83, 
83, 81, 79, 79, 79, 79, 83, 83, 83, 81, 81, 80, 80, 
72, 72, 72, 65, 65, 58, 58, 58, 48, 48, 39, 39, 33, 
33, 33, 23, 23, 19, 19, 14, 14, 14, 12, 12, 13, 13, 
13, 12, 12, 18, 18, 16, 16, 16, 16, 16, 16, 16, 19, 
18, 18, 20, 20, 22, 22, 22, 32, 32, 28, 28, 23, 23, 
23, 20, 20, 16, 16, 16, 13, 13, 9, 9, 8, 8, 8, 
6, 6, 4, 4, 4, 4, 4, 4, 4 ;
DONE!






1) ARIE LABEL: 
7206


1) MEDIE LABEL: 
48.040001 48.040001


0) I:
21, 21, 21, 21, 21, 5, 5, 5, 9, 15, 15, 15, 
42, 42, 42, 37, 37, 37, 37, 31, 31, 31, 31, 31, 31, 
31, 26, 26, 26, 31, 31, 31, 26, 26, 26, 26, 31, 31, 
31, 31, 31, 31, 31, 36, 36, 36, 41, 41, 41, 51, 51, 
52, 52, 62, 62, 62, 67, 67, 67, 67, 78, 78, 78, 78, 
78, 78, 84, 83, 83, 83, 88, 88, 88, 89, 88, 88, 88, 
88, 88, 88, 88, 88, 88, 88, 78, 78, 78, 72, 72, 72, 
70, 70, 70, 70, 60, 60, 59, 54, 54, 54, 54, 47, 47, 
47, 42, 42, 42, 42, 42, 42, 42, 42, 42, 42, 37, 36, 
36, 36, 41, 41, 41, 41, 41, 41, 39, 38, 38, 38, 43, 
43, 43, 38, 38, 38, 39, 44, 44, 45, 50, 50, 50, 33, 
29, 29, 29, 23, 23, 23, 70, 70 ;


0) J:
49, 49, 49, 43, 43, 43, 43, 43, 54, 54, 54, 54, 
54, 59, 58, 58, 58, 58, 64, 64, 64, 64, 65, 64, 64, 
64, 64, 64, 65, 64, 64, 64, 64, 65, 50, 50, 50, 51, 
51, 41, 41, 41, 42, 42, 38, 38, 38, 38, 38, 40, 40, 
40, 40, 40, 37, 37, 37, 37, 37, 43, 41, 41, 41, 41, 
41, 41, 41, 41, 41, 41, 41, 41, 41, 41, 41, 41, 41, 
41, 41, 41, 36, 36, 36, 36, 36, 36, 36, 36, 36, 36, 
38, 36, 36, 36, 36, 36, 38, 37, 37, 37, 37, 40, 40, 
40, 40, 40, 39, 39, 39, 39, 39, 44, 44, 44, 44, 44, 
58, 58, 58, 58, 58, 60, 75, 74, 74, 74, 74, 75, 75, 
75, 75, 75, 78, 78, 78, 78, 79, 44, 44, 44, 44, 44, 
35, 34, 34, 34, 34, 34, 34, 34, 34 ;
DONE!






1) ARIE LABEL: 
8747


1) MEDIE LABEL: 
58.313332 58.313332


0) I:
25, 25, 25, 52, 61, 61, 60, 60, 60, 63, 63, 71, 
72, 75, 78, 78, 81, 81, 84, 84, 84, 82, 82, 76, 70, 
70, 49, 49, 49, 49, 49, 49, 49, 52, 52, 52, 52, 52, 
52, 52, 52, 52, 52, 52, 52, 52, 52, 52, 52, 52, 109, 
109, 109, 109, 109, 109, 109, 109, 52, 52, 52, 52, 52, 52, 
52, 52, 52, 52, 52, 52, 52, 52, 52, 52, 52, 52, 52, 
52, 52, 52, 52, 52, 52, 52, 52, 52, 52, 52, 52, 52, 
52, 52, 52, 52, 52, 52, 52, 52, 52, 52, 52, 52, 52, 
52, 52, 52, 52, 52, 52, 52, 52, 52, 52, 52, 52, 52, 
52, 52, 52, 52, 52, 52, 52, 52, 52, 52, 52, 52, 52, 
52, 52, 52, 52, 52, 52, 52, 52, 52, 52, 52, 52, 52, 
55, 55, 58, 58, 64, 79, 79, 109 ;


0) J:
9, 9, 9, 9, 9, 9, 9, 9, 9, 9, 9, 9, 
9, 9, 11, 11, 11, 11, 11, 11, 11, 11, 11, 12, 12, 
12, 14, 14, 14, 117, 117, 117, 124, 124, 124, 129, 129, 129, 
131, 131, 131, 134, 134, 134, 136, 136, 136, 137, 137, 137, 138, 
139, 139, 139, 141, 141, 141, 141, 141, 141, 142, 142, 142, 144, 
144, 144, 144, 144, 144, 146, 146, 146, 146, 146, 146, 146, 146, 
146, 147, 147, 147, 22, 22, 22, 17, 17, 17, 14, 14, 14, 
14, 14, 14, 13, 13, 13, 13, 13, 13, 15, 15, 15, 15, 
15, 15, 15, 18, 18, 18, 23, 23, 23, 24, 24, 24, 26, 
26, 26, 23, 23, 23, 23, 23, 23, 23, 23, 23, 23, 23, 
23, 22, 22, 22, 22, 22, 22, 20, 20, 20, 18, 18, 18, 
15, 15, 15, 10, 10, 10, 10, 10, 10 ;
DONE!






1) ARIE LABEL: 
6775


1) MEDIE LABEL: 
45.166668 45.166668


0) I:
150, 150, 130, 130, 130, 69, 69, 69, 69, 50, 50, 50, 
50, 46, 46, 46, 42, 42, 42, 42, 37, 37, 37, 37, 37, 
37, 37, 37, 37, 37, 35, 35, 35, 35, 35, 35, 35, 35, 
35, 35, 35, 35, 35, 35, 35, 35, 35, 35, 35, 35, 35, 
35, 40, 40, 40, 40, 40, 40, 40, 44, 44, 44, 44, 44, 
44, 44, 48, 48, 48, 49, 57, 57, 57, 88, 88, 88, 88, 
57, 57, 57, 49, 48, 48, 48, 44, 44, 44, 44, 40, 40, 
40, 40, 40, 40, 40, 40, 40, 40, 35, 35, 35, 35, 35, 
35, 35, 35, 35, 35, 35, 35, 35, 35, 35, 35, 35, 35, 
35, 35, 35, 35, 35, 35, 35, 35, 35, 35, 35, 35, 35, 
35, 35, 35, 35, 35, 35, 35, 35, 35, 35, 35, 35, 44, 
44, 44, 44, 44, 44, 44, 53, 53 ;


0) J:
2, 2, 2, 2, 2, 2, 2, 2, 2, 2, 2, 2, 
2, 2, 2, 2, 2, 2, 2, 2, 7, 7, 7, 7, 18, 
18, 18, 18, 18, 150, 150, 150, 150, 150, 150, 150, 150, 150, 
150, 150, 150, 150, 150, 150, 150, 150, 150, 150, 150, 150, 150, 
150, 150, 150, 150, 150, 150, 150, 150, 150, 150, 150, 150, 150, 
18, 18, 18, 18, 11, 11, 11, 11, 11, 9, 9, 9, 9, 
9, 9, 9, 9, 9, 9, 9, 9, 9, 9, 9, 9, 9, 
9, 9, 9, 9, 9, 15, 15, 15, 15, 15, 15, 15, 15, 
17, 23, 23, 23, 23, 34, 34, 34, 34, 51, 51, 51, 51, 
51, 5, 5, 5, 5, 9, 9, 9, 9, 9, 9, 9, 9, 
9, 9, 9, 9, 9, 9, 13, 13, 13, 13, 16, 16, 16, 
16, 20, 20, 20, 20, 20, 30, 30, 30 ;
DONE!







DONE!







DONE!






1) ARIE LABEL: 
9916


1) MEDIE LABEL: 
66.106667 66.106667


0) I:
25, 25, 25, 25, 25, 25, 25, 25, 31, 31, 31, 31, 
31, 39, 38, 38, 38, 38, 38, 43, 43, 43, 43, 43, 55, 
55, 55, 55, 55, 69, 69, 69, 69, 69, 69, 75, 75, 75, 
75, 75, 81, 81, 81, 81, 81, 81, 81, 81, 81, 81, 81, 
75, 75, 75, 75, 75, 56, 55, 55, 55, 55, 55, 43, 43, 
43, 43, 44, 43, 43, 43, 43, 43, 49, 49, 49, 49, 49, 
50, 56, 56, 56, 56, 56, 62, 61, 61, 61, 61, 69, 68, 
68, 68, 68, 68, 68, 68, 68, 68, 68, 74, 74, 74, 74, 
74, 76, 75, 75, 75, 75, 75, 75, 75, 75, 75, 75, 84, 
84, 84, 84, 84, 84, 84, 84, 84, 84, 84, 90, 90, 90, 
90, 90, 97, 96, 96, 96, 96, 98, 110, 110, 110, 110, 110, 
87, 87, 87, 87, 87, 87, 87, 87 ;


0) J:
22, 22, 22, 22, 22, 22, 22, 22, 22, 65, 65, 65, 
65, 65, 65, 65, 83, 83, 83, 83, 83, 83, 99, 99, 99, 
99, 99, 99, 111, 111, 111, 111, 111, 111, 91, 89, 89, 89, 
89, 89, 89, 57, 56, 56, 56, 56, 56, 30, 30, 30, 30, 
30, 30, 25, 23, 23, 23, 23, 23, 11, 10, 10, 10, 10, 
10, 11, 14, 14, 14, 14, 14, 14, 8, 8, 8, 8, 8, 
8, 13, 13, 13, 13, 13, 13, 19, 19, 19, 19, 19, 19, 
21, 129, 129, 129, 129, 129, 129, 142, 142, 142, 142, 142, 142, 
142, 142, 142, 142, 142, 142, 137, 137, 137, 137, 137, 137, 137, 
131, 131, 131, 131, 131, 131, 126, 126, 126, 126, 126, 126, 115, 
115, 115, 115, 115, 115, 14, 13, 13, 13, 13, 13, 13, 5, 
5, 5, 5, 5, 5, 5, 5, 5, 5 ;
DONE!






1) ARIE LABEL: 
6775


1) MEDIE LABEL: 
45.166668 45.166668


0) I:
150, 150, 130, 130, 130, 69, 69, 69, 69, 50, 50, 50, 
50, 46, 46, 46, 42, 42, 42, 42, 37, 37, 37, 37, 37, 
37, 37, 37, 37, 37, 35, 35, 35, 35, 35, 35, 35, 35, 
35, 35, 35, 35, 35, 35, 35, 35, 35, 35, 35, 35, 35, 
35, 40, 40, 40, 40, 40, 40, 40, 44, 44, 44, 44, 44, 
44, 44, 48, 48, 48, 49, 57, 57, 57, 88, 88, 88, 88, 
57, 57, 57, 49, 48, 48, 48, 44, 44, 44, 44, 40, 40, 
40, 40, 40, 40, 40, 40, 40, 40, 35, 35, 35, 35, 35, 
35, 35, 35, 35, 35, 35, 35, 35, 35, 35, 35, 35, 35, 
35, 35, 35, 35, 35, 35, 35, 35, 35, 35, 35, 35, 35, 
35, 35, 35, 35, 35, 35, 35, 35, 35, 35, 35, 35, 44, 
44, 44, 44, 44, 44, 44, 53, 53 ;


0) J:
2, 2, 2, 2, 2, 2, 2, 2, 2, 2, 2, 2, 
2, 2, 2, 2, 2, 2, 2, 2, 7, 7, 7, 7, 18, 
18, 18, 18, 18, 150, 150, 150, 150, 150, 150, 150, 150, 150, 
150, 150, 150, 150, 150, 150, 150, 150, 150, 150, 150, 150, 150, 
150, 150, 150, 150, 150, 150, 150, 150, 150, 150, 150, 150, 150, 
18, 18, 18, 18, 11, 11, 11, 11, 11, 9, 9, 9, 9, 
9, 9, 9, 9, 9, 9, 9, 9, 9, 9, 9, 9, 9, 
9, 9, 9, 9, 9, 15, 15, 15, 15, 15, 15, 15, 15, 
17, 23, 23, 23, 23, 34, 34, 34, 34, 51, 51, 51, 51, 
51, 5, 5, 5, 5, 9, 9, 9, 9, 9, 9, 9, 9, 
9, 9, 9, 9, 9, 9, 13, 13, 13, 13, 16, 16, 16, 
16, 20, 20, 20, 20, 20, 30, 30, 30 ;
DONE!






1) ARIE LABEL: 
9916


1) MEDIE LABEL: 
66.106667 66.106667


0) I:
25, 25, 25, 25, 25, 25, 25, 25, 31, 31, 31, 31, 
31, 39, 38, 38, 38, 38, 38, 43, 43, 43, 43, 43, 55, 
55, 55, 55, 55, 69, 69, 69, 69, 69, 69, 75, 75, 75, 
75, 75, 81, 81, 81, 81, 81, 81, 81, 81, 81, 81, 81, 
75, 75, 75, 75, 75, 56, 55, 55, 55, 55, 55, 43, 43, 
43, 43, 44, 43, 43, 43, 43, 43, 49, 49, 49, 49, 49, 
50, 56, 56, 56, 56, 56, 62, 61, 61, 61, 61, 69, 68, 
68, 68, 68, 68, 68, 68, 68, 68, 68, 74, 74, 74, 74, 
74, 76, 75, 75, 75, 75, 75, 75, 75, 75, 75, 75, 84, 
84, 84, 84, 84, 84, 84, 84, 84, 84, 84, 90, 90, 90, 
90, 90, 97, 96, 96, 96, 96, 98, 110, 110, 110, 110, 110, 
87, 87, 87, 87, 87, 87, 87, 87 ;


0) J:
22, 22, 22, 22, 22, 22, 22, 22, 22, 65, 65, 65, 
65, 65, 65, 65, 83, 83, 83, 83, 83, 83, 99, 99, 99, 
99, 99, 99, 111, 111, 111, 111, 111, 111, 91, 89, 89, 89, 
89, 89, 89, 57, 56, 56, 56, 56, 56, 30, 30, 30, 30, 
30, 30, 25, 23, 23, 23, 23, 23, 11, 10, 10, 10, 10, 
10, 11, 14, 14, 14, 14, 14, 14, 8, 8, 8, 8, 8, 
8, 13, 13, 13, 13, 13, 13, 19, 19, 19, 19, 19, 19, 
21, 129, 129, 129, 129, 129, 129, 142, 142, 142, 142, 142, 142, 
142, 142, 142, 142, 142, 142, 137, 137, 137, 137, 137, 137, 137, 
131, 131, 131, 131, 131, 131, 126, 126, 126, 126, 126, 126, 115, 
115, 115, 115, 115, 115, 14, 13, 13, 13, 13, 13, 13, 5, 
5, 5, 5, 5, 5, 5, 5, 5, 5 ;
DONE!






1) ARIE LABEL: 
9916


1) MEDIE LABEL: 
66.106667 66.106667


0) I:
25, 25, 25, 25, 25, 25, 25, 25, 31, 31, 31, 31, 
31, 39, 38, 38, 38, 38, 38, 43, 43, 43, 43, 43, 55, 
55, 55, 55, 55, 69, 69, 69, 69, 69, 69, 75, 75, 75, 
75, 75, 81, 81, 81, 81, 81, 81, 81, 81, 81, 81, 81, 
75, 75, 75, 75, 75, 56, 55, 55, 55, 55, 55, 43, 43, 
43, 43, 44, 43, 43, 43, 43, 43, 49, 49, 49, 49, 49, 
50, 56, 56, 56, 56, 56, 62, 61, 61, 61, 61, 69, 68, 
68, 68, 68, 68, 68, 68, 68, 68, 68, 74, 74, 74, 74, 
74, 76, 75, 75, 75, 75, 75, 75, 75, 75, 75, 75, 84, 
84, 84, 84, 84, 84, 84, 84, 84, 84, 84, 90, 90, 90, 
90, 90, 97, 96, 96, 96, 96, 98, 110, 110, 110, 110, 110, 
87, 87, 87, 87, 87, 87, 87, 87 ;


0) J:
22, 22, 22, 22, 22, 22, 22, 22, 22, 65, 65, 65, 
65, 65, 65, 65, 83, 83, 83, 83, 83, 83, 99, 99, 99, 
99, 99, 99, 111, 111, 111, 111, 111, 111, 91, 89, 89, 89, 
89, 89, 89, 57, 56, 56, 56, 56, 56, 30, 30, 30, 30, 
30, 30, 25, 23, 23, 23, 23, 23, 11, 10, 10, 10, 10, 
10, 11, 14, 14, 14, 14, 14, 14, 8, 8, 8, 8, 8, 
8, 13, 13, 13, 13, 13, 13, 19, 19, 19, 19, 19, 19, 
21, 129, 129, 129, 129, 129, 129, 142, 142, 142, 142, 142, 142, 
142, 142, 142, 142, 142, 142, 137, 137, 137, 137, 137, 137, 137, 
131, 131, 131, 131, 131, 131, 126, 126, 126, 126, 126, 126, 115, 
115, 115, 115, 115, 115, 14, 13, 13, 13, 13, 13, 13, 5, 
5, 5, 5, 5, 5, 5, 5, 5, 5 ;
DONE!






1) ARIE LABEL: 
6775


1) MEDIE LABEL: 
45.166668 45.166668


0) I:
150, 150, 130, 130, 130, 69, 69, 69, 69, 50, 50, 50, 
50, 46, 46, 46, 42, 42, 42, 42, 37, 37, 37, 37, 37, 
37, 37, 37, 37, 37, 35, 35, 35, 35, 35, 35, 35, 35, 
35, 35, 35, 35, 35, 35, 35, 35, 35, 35, 35, 35, 35, 
35, 40, 40, 40, 40, 40, 40, 40, 44, 44, 44, 44, 44, 
44, 44, 48, 48, 48, 49, 57, 57, 57, 88, 88, 88, 88, 
57, 57, 57, 49, 48, 48, 48, 44, 44, 44, 44, 40, 40, 
40, 40, 40, 40, 40, 40, 40, 40, 35, 35, 35, 35, 35, 
35, 35, 35, 35, 35, 35, 35, 35, 35, 35, 35, 35, 35, 
35, 35, 35, 35, 35, 35, 35, 35, 35, 35, 35, 35, 35, 
35, 35, 35, 35, 35, 35, 35, 35, 35, 35, 35, 35, 44, 
44, 44, 44, 44, 44, 44, 53, 53 ;


0) J:
2, 2, 2, 2, 2, 2, 2, 2, 2, 2, 2, 2, 
2, 2, 2, 2, 2, 2, 2, 2, 7, 7, 7, 7, 18, 
18, 18, 18, 18, 150, 150, 150, 150, 150, 150, 150, 150, 150, 
150, 150, 150, 150, 150, 150, 150, 150, 150, 150, 150, 150, 150, 
150, 150, 150, 150, 150, 150, 150, 150, 150, 150, 150, 150, 150, 
18, 18, 18, 18, 11, 11, 11, 11, 11, 9, 9, 9, 9, 
9, 9, 9, 9, 9, 9, 9, 9, 9, 9, 9, 9, 9, 
9, 9, 9, 9, 9, 15, 15, 15, 15, 15, 15, 15, 15, 
17, 23, 23, 23, 23, 34, 34, 34, 34, 51, 51, 51, 51, 
51, 5, 5, 5, 5, 9, 9, 9, 9, 9, 9, 9, 9, 
9, 9, 9, 9, 9, 9, 13, 13, 13, 13, 16, 16, 16, 
16, 20, 20, 20, 20, 20, 30, 30, 30 ;
DONE!






